Time       | WrtPtr  | RdPtr   | Full | Done | Data In  | Data Out (Hex) 
------------------------------------------------------------------------------------------
35.0   ns | 0       | 0       | 0    | 0    | 0        | 0x0             
45.0   ns | 1       | 0       | 0    | 0    | 1        | 0x0             
55.0   ns | 2       | 1       | 0    | 0    | 2        | 0x0             
65.0   ns | 3       | 2       | 0    | 0    | 3        | 0x1             
75.0   ns | 4       | 3       | 0    | 0    | 4        | 0x102           
85.0   ns | 5       | 3       | 0    | 0    | 5        | 0x102           
95.0   ns | 6       | 3       | 0    | 0    | 6        | 0x102           
105.0  ns | 7       | 3       | 0    | 0    | 7        | 0x102           
115.0  ns | 8       | 3       | 0    | 0    | 8        | 0x102           
125.0  ns | 9       | 3       | 0    | 0    | 9        | 0x102           
135.0  ns | 10      | 3       | 0    | 0    | 10       | 0x102           
145.0  ns | 11      | 3       | 0    | 0    | 11       | 0x102           
155.0  ns | 12      | 3       | 0    | 0    | 12       | 0x102           
165.0  ns | 13      | 3       | 0    | 0    | 13       | 0x102           
175.0  ns | 14      | 3       | 0    | 0    | 14       | 0x102           
185.0  ns | 15      | 3       | 0    | 0    | 15       | 0x102           
195.0  ns | 16      | 3       | 0    | 0    | 16       | 0x102           
205.0  ns | 17      | 3       | 0    | 0    | 17       | 0x102           
215.0  ns | 18      | 3       | 0    | 0    | 18       | 0x102           
225.0  ns | 19      | 3       | 0    | 0    | 19       | 0x102           
235.0  ns | 20      | 3       | 0    | 0    | 20       | 0x102           
245.0  ns | 21      | 3       | 0    | 0    | 21       | 0x102           
255.0  ns | 22      | 3       | 0    | 0    | 22       | 0x102           
265.0  ns | 23      | 3       | 0    | 0    | 23       | 0x102           
275.0  ns | 24      | 3       | 0    | 0    | 24       | 0x102           
285.0  ns | 25      | 3       | 0    | 0    | 25       | 0x102           
295.0  ns | 26      | 3       | 0    | 0    | 26       | 0x102           
305.0  ns | 27      | 3       | 0    | 0    | 27       | 0x102           
315.0  ns | 28      | 3       | 0    | 0    | 28       | 0x102           
325.0  ns | 29      | 3       | 0    | 0    | 29       | 0x102           
335.0  ns | 30      | 3       | 0    | 0    | 30       | 0x102           
345.0  ns | 31      | 3       | 0    | 0    | 31       | 0x102           
355.0  ns | 32      | 3       | 0    | 0    | 32       | 0x102           
365.0  ns | 33      | 3       | 0    | 0    | 33       | 0x102           
375.0  ns | 34      | 3       | 0    | 0    | 34       | 0x102           
385.0  ns | 35      | 3       | 0    | 0    | 35       | 0x102           
395.0  ns | 36      | 3       | 0    | 0    | 36       | 0x102           
405.0  ns | 37      | 3       | 0    | 0    | 37       | 0x102           
415.0  ns | 38      | 3       | 0    | 0    | 38       | 0x102           
425.0  ns | 39      | 3       | 0    | 0    | 39       | 0x102           
435.0  ns | 40      | 3       | 0    | 0    | 40       | 0x102           
445.0  ns | 41      | 3       | 0    | 0    | 41       | 0x102           
455.0  ns | 42      | 3       | 0    | 0    | 42       | 0x102           
465.0  ns | 43      | 3       | 0    | 0    | 43       | 0x102           
475.0  ns | 44      | 3       | 0    | 0    | 44       | 0x102           
485.0  ns | 45      | 3       | 0    | 0    | 45       | 0x102           
495.0  ns | 46      | 3       | 0    | 0    | 46       | 0x102           
505.0  ns | 47      | 3       | 0    | 0    | 47       | 0x102           
515.0  ns | 48      | 3       | 0    | 0    | 48       | 0x102           
525.0  ns | 49      | 3       | 0    | 0    | 49       | 0x102           
535.0  ns | 50      | 3       | 0    | 0    | 50       | 0x102           
545.0  ns | 51      | 3       | 0    | 0    | 51       | 0x102           
555.0  ns | 52      | 3       | 0    | 0    | 52       | 0x102           
565.0  ns | 53      | 3       | 0    | 0    | 53       | 0x102           
575.0  ns | 54      | 3       | 0    | 0    | 54       | 0x102           
585.0  ns | 55      | 3       | 0    | 0    | 55       | 0x102           
595.0  ns | 56      | 3       | 0    | 0    | 56       | 0x102           
605.0  ns | 57      | 3       | 0    | 0    | 57       | 0x102           
615.0  ns | 58      | 3       | 0    | 0    | 58       | 0x102           
625.0  ns | 59      | 3       | 0    | 0    | 59       | 0x102           
635.0  ns | 60      | 3       | 0    | 0    | 60       | 0x102           
645.0  ns | 61      | 3       | 0    | 0    | 61       | 0x102           
655.0  ns | 62      | 3       | 0    | 0    | 62       | 0x102           
665.0  ns | 63      | 3       | 0    | 0    | 63       | 0x102           
675.0  ns | 64      | 3       | 0    | 0    | 64       | 0x102           
685.0  ns | 65      | 3       | 0    | 0    | 65       | 0x102           
695.0  ns | 66      | 3       | 0    | 0    | 66       | 0x102           
705.0  ns | 67      | 3       | 0    | 0    | 67       | 0x102           
715.0  ns | 68      | 3       | 0    | 0    | 68       | 0x102           
725.0  ns | 69      | 3       | 0    | 0    | 69       | 0x102           
735.0  ns | 70      | 3       | 0    | 0    | 70       | 0x102           
745.0  ns | 71      | 3       | 0    | 0    | 71       | 0x102           
755.0  ns | 72      | 3       | 0    | 0    | 72       | 0x102           
765.0  ns | 73      | 3       | 0    | 0    | 73       | 0x102           
775.0  ns | 74      | 3       | 0    | 0    | 74       | 0x102           
785.0  ns | 75      | 3       | 0    | 0    | 75       | 0x102           
795.0  ns | 76      | 3       | 0    | 0    | 76       | 0x102           
805.0  ns | 77      | 3       | 0    | 0    | 77       | 0x102           
815.0  ns | 78      | 3       | 0    | 0    | 78       | 0x102           
825.0  ns | 79      | 3       | 0    | 0    | 79       | 0x102           
835.0  ns | 80      | 3       | 0    | 0    | 80       | 0x102           
845.0  ns | 81      | 3       | 0    | 0    | 81       | 0x102           
855.0  ns | 82      | 3       | 0    | 0    | 82       | 0x102           
865.0  ns | 83      | 3       | 0    | 0    | 83       | 0x102           
875.0  ns | 84      | 3       | 0    | 0    | 84       | 0x102           
885.0  ns | 85      | 3       | 0    | 0    | 85       | 0x102           
895.0  ns | 86      | 3       | 0    | 0    | 86       | 0x102           
905.0  ns | 87      | 3       | 0    | 0    | 87       | 0x102           
915.0  ns | 88      | 3       | 0    | 0    | 88       | 0x102           
925.0  ns | 89      | 3       | 0    | 0    | 89       | 0x102           
935.0  ns | 90      | 3       | 0    | 0    | 90       | 0x102           
945.0  ns | 91      | 3       | 0    | 0    | 91       | 0x102           
955.0  ns | 92      | 3       | 0    | 0    | 92       | 0x102           
965.0  ns | 93      | 3       | 0    | 0    | 93       | 0x102           
975.0  ns | 94      | 3       | 0    | 0    | 94       | 0x102           
985.0  ns | 95      | 3       | 0    | 0    | 95       | 0x102           
995.0  ns | 96      | 3       | 0    | 0    | 96       | 0x102           
1005.0 ns | 97      | 3       | 0    | 0    | 97       | 0x102           
1015.0 ns | 98      | 3       | 0    | 0    | 98       | 0x102           
1025.0 ns | 99      | 3       | 0    | 0    | 99       | 0x102           
1035.0 ns | 100     | 3       | 0    | 0    | 100      | 0x102           
1045.0 ns | 101     | 3       | 0    | 0    | 101      | 0x102           
1055.0 ns | 102     | 3       | 0    | 0    | 102      | 0x102           
1065.0 ns | 103     | 3       | 0    | 0    | 103      | 0x102           
1075.0 ns | 104     | 3       | 0    | 0    | 104      | 0x102           
1085.0 ns | 105     | 3       | 0    | 0    | 105      | 0x102           
1095.0 ns | 106     | 3       | 0    | 0    | 106      | 0x102           
1105.0 ns | 107     | 3       | 0    | 0    | 107      | 0x102           
1115.0 ns | 108     | 3       | 0    | 0    | 108      | 0x102           
1125.0 ns | 109     | 3       | 0    | 0    | 109      | 0x102           
1135.0 ns | 110     | 3       | 0    | 0    | 110      | 0x102           
1145.0 ns | 111     | 3       | 0    | 0    | 111      | 0x102           
1155.0 ns | 112     | 3       | 0    | 0    | 112      | 0x102           
1165.0 ns | 113     | 3       | 0    | 0    | 113      | 0x102           
1175.0 ns | 114     | 3       | 0    | 0    | 114      | 0x102           
1185.0 ns | 115     | 3       | 0    | 0    | 115      | 0x102           
1195.0 ns | 116     | 3       | 0    | 0    | 116      | 0x102           
1205.0 ns | 117     | 3       | 0    | 0    | 117      | 0x102           
1215.0 ns | 118     | 3       | 0    | 0    | 118      | 0x102           
1225.0 ns | 119     | 3       | 0    | 0    | 119      | 0x102           
1235.0 ns | 120     | 3       | 0    | 0    | 120      | 0x102           
1245.0 ns | 121     | 3       | 0    | 0    | 121      | 0x102           
1255.0 ns | 122     | 3       | 0    | 0    | 122      | 0x102           
1265.0 ns | 123     | 3       | 0    | 0    | 123      | 0x102           
1275.0 ns | 124     | 3       | 0    | 0    | 124      | 0x102           
1285.0 ns | 125     | 3       | 0    | 0    | 125      | 0x102           
1295.0 ns | 126     | 3       | 0    | 0    | 126      | 0x102           
1305.0 ns | 127     | 3       | 0    | 0    | 127      | 0x102           
1315.0 ns | 128     | 3       | 0    | 0    | 128      | 0x102           
1325.0 ns | 129     | 3       | 0    | 0    | 129      | 0x102           
1335.0 ns | 130     | 3       | 0    | 0    | 130      | 0x102           
1345.0 ns | 131     | 3       | 0    | 0    | 131      | 0x102           
1355.0 ns | 132     | 3       | 0    | 0    | 132      | 0x102           
1365.0 ns | 133     | 3       | 0    | 0    | 133      | 0x102           
1375.0 ns | 134     | 3       | 0    | 0    | 134      | 0x102           
1385.0 ns | 135     | 3       | 0    | 0    | 135      | 0x102           
1395.0 ns | 136     | 3       | 0    | 0    | 136      | 0x102           
1405.0 ns | 137     | 3       | 0    | 0    | 137      | 0x102           
1415.0 ns | 138     | 3       | 0    | 0    | 138      | 0x102           
1425.0 ns | 139     | 3       | 0    | 0    | 139      | 0x102           
1435.0 ns | 140     | 3       | 0    | 0    | 140      | 0x102           
1445.0 ns | 141     | 3       | 0    | 0    | 141      | 0x102           
1455.0 ns | 142     | 3       | 0    | 0    | 142      | 0x102           
1465.0 ns | 143     | 3       | 0    | 0    | 143      | 0x102           
1475.0 ns | 144     | 3       | 0    | 0    | 144      | 0x102           
1485.0 ns | 145     | 3       | 0    | 0    | 145      | 0x102           
1495.0 ns | 146     | 3       | 0    | 0    | 146      | 0x102           
1505.0 ns | 147     | 3       | 0    | 0    | 147      | 0x102           
1515.0 ns | 148     | 3       | 0    | 0    | 148      | 0x102           
1525.0 ns | 149     | 3       | 0    | 0    | 149      | 0x102           
1535.0 ns | 150     | 3       | 0    | 0    | 150      | 0x102           
1545.0 ns | 151     | 3       | 0    | 0    | 151      | 0x102           
1555.0 ns | 152     | 3       | 0    | 0    | 152      | 0x102           
1565.0 ns | 153     | 3       | 0    | 0    | 153      | 0x102           
1575.0 ns | 154     | 3       | 0    | 0    | 154      | 0x102           
1585.0 ns | 155     | 3       | 0    | 0    | 155      | 0x102           
1595.0 ns | 156     | 3       | 0    | 0    | 156      | 0x102           
1605.0 ns | 157     | 3       | 0    | 0    | 157      | 0x102           
1615.0 ns | 158     | 3       | 0    | 0    | 158      | 0x102           
1625.0 ns | 159     | 3       | 0    | 0    | 159      | 0x102           
1635.0 ns | 160     | 3       | 0    | 0    | 160      | 0x102           
1645.0 ns | 161     | 3       | 0    | 0    | 161      | 0x102           
1655.0 ns | 162     | 3       | 0    | 0    | 162      | 0x102           
1665.0 ns | 163     | 3       | 0    | 0    | 163      | 0x102           
1675.0 ns | 164     | 3       | 0    | 0    | 164      | 0x102           
1685.0 ns | 165     | 3       | 0    | 0    | 165      | 0x102           
1695.0 ns | 166     | 3       | 0    | 0    | 166      | 0x102           
1705.0 ns | 167     | 3       | 0    | 0    | 167      | 0x102           
1715.0 ns | 168     | 3       | 0    | 0    | 168      | 0x102           
1725.0 ns | 169     | 3       | 0    | 0    | 169      | 0x102           
1735.0 ns | 170     | 3       | 0    | 0    | 170      | 0x102           
1745.0 ns | 171     | 3       | 0    | 0    | 171      | 0x102           
1755.0 ns | 172     | 3       | 0    | 0    | 172      | 0x102           
1765.0 ns | 173     | 3       | 0    | 0    | 173      | 0x102           
1775.0 ns | 174     | 3       | 0    | 0    | 174      | 0x102           
1785.0 ns | 175     | 3       | 0    | 0    | 175      | 0x102           
1795.0 ns | 176     | 3       | 0    | 0    | 176      | 0x102           
1805.0 ns | 177     | 3       | 0    | 0    | 177      | 0x102           
1815.0 ns | 178     | 3       | 0    | 0    | 178      | 0x102           
1825.0 ns | 179     | 3       | 0    | 0    | 179      | 0x102           
1835.0 ns | 180     | 3       | 0    | 0    | 180      | 0x102           
1845.0 ns | 181     | 3       | 0    | 0    | 181      | 0x102           
1855.0 ns | 182     | 3       | 0    | 0    | 182      | 0x102           
1865.0 ns | 183     | 3       | 0    | 0    | 183      | 0x102           
1875.0 ns | 184     | 3       | 0    | 0    | 184      | 0x102           
1885.0 ns | 185     | 3       | 0    | 0    | 185      | 0x102           
1895.0 ns | 186     | 3       | 0    | 0    | 186      | 0x102           
1905.0 ns | 187     | 3       | 0    | 0    | 187      | 0x102           
1915.0 ns | 188     | 3       | 0    | 0    | 188      | 0x102           
1925.0 ns | 189     | 3       | 0    | 0    | 189      | 0x102           
1935.0 ns | 190     | 3       | 0    | 0    | 190      | 0x102           
1945.0 ns | 191     | 3       | 0    | 0    | 191      | 0x102           
1955.0 ns | 192     | 3       | 0    | 0    | 192      | 0x102           
1965.0 ns | 193     | 3       | 0    | 0    | 193      | 0x102           
1975.0 ns | 194     | 3       | 0    | 0    | 194      | 0x102           
1985.0 ns | 195     | 3       | 0    | 0    | 195      | 0x102           
1995.0 ns | 196     | 3       | 0    | 0    | 196      | 0x102           
2005.0 ns | 197     | 3       | 0    | 0    | 197      | 0x102           
2015.0 ns | 198     | 3       | 0    | 0    | 198      | 0x102           
2025.0 ns | 199     | 3       | 0    | 0    | 199      | 0x102           
2035.0 ns | 200     | 3       | 0    | 0    | 200      | 0x102           
2045.0 ns | 201     | 3       | 0    | 0    | 201      | 0x102           
2055.0 ns | 202     | 3       | 0    | 0    | 202      | 0x102           
2065.0 ns | 203     | 3       | 0    | 0    | 203      | 0x102           
2075.0 ns | 204     | 3       | 0    | 0    | 204      | 0x102           
2085.0 ns | 205     | 3       | 0    | 0    | 205      | 0x102           
2095.0 ns | 206     | 3       | 0    | 0    | 206      | 0x102           
2105.0 ns | 207     | 3       | 0    | 0    | 207      | 0x102           
2115.0 ns | 208     | 3       | 0    | 0    | 208      | 0x102           
2125.0 ns | 209     | 3       | 0    | 0    | 209      | 0x102           
2135.0 ns | 210     | 3       | 0    | 0    | 210      | 0x102           
2145.0 ns | 211     | 3       | 0    | 0    | 211      | 0x102           
2155.0 ns | 212     | 3       | 0    | 0    | 212      | 0x102           
2165.0 ns | 213     | 3       | 0    | 0    | 213      | 0x102           
2175.0 ns | 214     | 3       | 0    | 0    | 214      | 0x102           
2185.0 ns | 215     | 3       | 0    | 0    | 215      | 0x102           
2195.0 ns | 216     | 3       | 0    | 0    | 216      | 0x102           
2205.0 ns | 217     | 3       | 0    | 0    | 217      | 0x102           
2215.0 ns | 218     | 3       | 0    | 0    | 218      | 0x102           
2225.0 ns | 219     | 3       | 0    | 0    | 219      | 0x102           
2235.0 ns | 220     | 3       | 0    | 0    | 220      | 0x102           
2245.0 ns | 221     | 3       | 0    | 0    | 221      | 0x102           
2255.0 ns | 222     | 3       | 0    | 0    | 222      | 0x102           
2265.0 ns | 223     | 3       | 0    | 0    | 223      | 0x102           
2275.0 ns | 224     | 3       | 0    | 0    | 224      | 0x102           
2285.0 ns | 225     | 3       | 0    | 0    | 225      | 0x102           
2295.0 ns | 226     | 3       | 0    | 0    | 226      | 0x102           
2305.0 ns | 227     | 3       | 0    | 0    | 227      | 0x102           
2315.0 ns | 228     | 3       | 0    | 0    | 228      | 0x102           
2325.0 ns | 229     | 3       | 0    | 0    | 229      | 0x102           
2335.0 ns | 230     | 3       | 0    | 0    | 230      | 0x102           
2345.0 ns | 231     | 3       | 0    | 0    | 231      | 0x102           
2355.0 ns | 232     | 3       | 0    | 0    | 232      | 0x102           
2365.0 ns | 233     | 3       | 0    | 0    | 233      | 0x102           
2375.0 ns | 234     | 3       | 0    | 0    | 234      | 0x102           
2385.0 ns | 235     | 3       | 0    | 0    | 235      | 0x102           
2395.0 ns | 236     | 3       | 0    | 0    | 236      | 0x102           
2405.0 ns | 237     | 3       | 0    | 0    | 237      | 0x102           
2415.0 ns | 238     | 3       | 0    | 0    | 238      | 0x102           
2425.0 ns | 239     | 3       | 0    | 0    | 239      | 0x102           
2435.0 ns | 240     | 3       | 0    | 0    | 240      | 0x102           
2445.0 ns | 241     | 3       | 0    | 0    | 241      | 0x102           
2455.0 ns | 242     | 3       | 0    | 0    | 242      | 0x102           
2465.0 ns | 243     | 3       | 0    | 0    | 243      | 0x102           
2475.0 ns | 244     | 3       | 0    | 0    | 244      | 0x102           
2485.0 ns | 245     | 3       | 0    | 0    | 245      | 0x102           
2495.0 ns | 246     | 3       | 0    | 0    | 246      | 0x102           
2505.0 ns | 247     | 3       | 0    | 0    | 247      | 0x102           
2515.0 ns | 248     | 3       | 0    | 0    | 248      | 0x102           
2525.0 ns | 249     | 3       | 0    | 0    | 249      | 0x102           
2535.0 ns | 250     | 3       | 0    | 0    | 250      | 0x102           
2545.0 ns | 251     | 3       | 0    | 0    | 251      | 0x102           
2555.0 ns | 252     | 3       | 0    | 0    | 252      | 0x102           
2565.0 ns | 253     | 3       | 0    | 0    | 253      | 0x102           
2575.0 ns | 254     | 3       | 0    | 0    | 254      | 0x102           
2585.0 ns | 255     | 3       | 0    | 0    | 255      | 0x102           
2595.0 ns | 256     | 3       | 0    | 0    | 0        | 0x102           
2605.0 ns | 257     | 3       | 0    | 0    | 1        | 0x102           
2615.0 ns | 258     | 3       | 0    | 0    | 2        | 0x102           
2625.0 ns | 259     | 3       | 0    | 0    | 3        | 0x102           
2635.0 ns | 260     | 3       | 0    | 0    | 4        | 0x102           
2645.0 ns | 261     | 3       | 0    | 0    | 5        | 0x102           
2655.0 ns | 262     | 3       | 0    | 0    | 6        | 0x102           
2665.0 ns | 263     | 3       | 0    | 0    | 7        | 0x102           
2675.0 ns | 264     | 3       | 0    | 0    | 8        | 0x102           
2685.0 ns | 265     | 3       | 0    | 0    | 9        | 0x102           
2695.0 ns | 266     | 3       | 0    | 0    | 10       | 0x102           
2705.0 ns | 267     | 3       | 0    | 0    | 11       | 0x102           
2715.0 ns | 268     | 3       | 0    | 0    | 12       | 0x102           
2725.0 ns | 269     | 3       | 0    | 0    | 13       | 0x102           
2735.0 ns | 270     | 3       | 0    | 0    | 14       | 0x102           
2745.0 ns | 271     | 3       | 0    | 0    | 15       | 0x102           
2755.0 ns | 272     | 3       | 0    | 0    | 16       | 0x102           
2765.0 ns | 273     | 3       | 0    | 0    | 17       | 0x102           
2775.0 ns | 274     | 3       | 0    | 0    | 18       | 0x102           
2785.0 ns | 275     | 3       | 0    | 0    | 19       | 0x102           
2795.0 ns | 276     | 3       | 0    | 0    | 20       | 0x102           
2805.0 ns | 277     | 3       | 0    | 0    | 21       | 0x102           
2815.0 ns | 278     | 3       | 0    | 0    | 22       | 0x102           
2825.0 ns | 279     | 3       | 0    | 0    | 23       | 0x102           
2835.0 ns | 280     | 3       | 0    | 0    | 24       | 0x102           
2845.0 ns | 281     | 3       | 0    | 0    | 25       | 0x102           
2855.0 ns | 282     | 3       | 0    | 0    | 26       | 0x102           
2865.0 ns | 283     | 3       | 0    | 0    | 27       | 0x102           
2875.0 ns | 284     | 3       | 0    | 0    | 28       | 0x102           
2885.0 ns | 285     | 3       | 0    | 0    | 29       | 0x102           
2895.0 ns | 286     | 3       | 0    | 0    | 30       | 0x102           
2905.0 ns | 287     | 3       | 0    | 0    | 31       | 0x102           
2915.0 ns | 288     | 3       | 0    | 0    | 32       | 0x102           
2925.0 ns | 289     | 3       | 0    | 0    | 33       | 0x102           
2935.0 ns | 290     | 3       | 0    | 0    | 34       | 0x102           
2945.0 ns | 291     | 3       | 0    | 0    | 35       | 0x102           
2955.0 ns | 292     | 3       | 0    | 0    | 36       | 0x102           
2965.0 ns | 293     | 3       | 0    | 0    | 37       | 0x102           
2975.0 ns | 294     | 3       | 0    | 0    | 38       | 0x102           
2985.0 ns | 295     | 3       | 0    | 0    | 39       | 0x102           
2995.0 ns | 296     | 3       | 0    | 0    | 40       | 0x102           
3005.0 ns | 297     | 3       | 0    | 0    | 41       | 0x102           
3015.0 ns | 298     | 3       | 0    | 0    | 42       | 0x102           
3025.0 ns | 299     | 3       | 0    | 0    | 43       | 0x102           
3035.0 ns | 300     | 3       | 0    | 0    | 44       | 0x102           
3045.0 ns | 301     | 3       | 0    | 0    | 45       | 0x102           
3055.0 ns | 302     | 3       | 0    | 0    | 46       | 0x102           
3065.0 ns | 303     | 3       | 0    | 0    | 47       | 0x102           
3075.0 ns | 304     | 3       | 0    | 0    | 48       | 0x102           
3085.0 ns | 305     | 3       | 0    | 0    | 49       | 0x102           
3095.0 ns | 306     | 3       | 0    | 0    | 50       | 0x102           
3105.0 ns | 307     | 3       | 0    | 0    | 51       | 0x102           
3115.0 ns | 308     | 3       | 0    | 0    | 52       | 0x102           
3125.0 ns | 309     | 3       | 0    | 0    | 53       | 0x102           
3135.0 ns | 310     | 3       | 0    | 0    | 54       | 0x102           
3145.0 ns | 311     | 3       | 0    | 0    | 55       | 0x102           
3155.0 ns | 312     | 3       | 0    | 0    | 56       | 0x102           
3165.0 ns | 313     | 3       | 0    | 0    | 57       | 0x102           
3175.0 ns | 314     | 3       | 0    | 0    | 58       | 0x102           
3185.0 ns | 315     | 3       | 0    | 0    | 59       | 0x102           
3195.0 ns | 316     | 3       | 0    | 0    | 60       | 0x102           
3205.0 ns | 317     | 3       | 0    | 0    | 61       | 0x102           
3215.0 ns | 318     | 3       | 0    | 0    | 62       | 0x102           
3225.0 ns | 319     | 3       | 0    | 0    | 63       | 0x102           
3235.0 ns | 320     | 3       | 0    | 0    | 64       | 0x102           
3245.0 ns | 321     | 3       | 0    | 0    | 65       | 0x102           
3255.0 ns | 322     | 3       | 0    | 0    | 66       | 0x102           
3265.0 ns | 323     | 3       | 0    | 0    | 67       | 0x102           
3275.0 ns | 324     | 3       | 0    | 0    | 68       | 0x102           
3285.0 ns | 325     | 3       | 0    | 0    | 69       | 0x102           
3295.0 ns | 326     | 3       | 0    | 0    | 70       | 0x102           
3305.0 ns | 327     | 3       | 0    | 0    | 71       | 0x102           
3315.0 ns | 328     | 3       | 0    | 0    | 72       | 0x102           
3325.0 ns | 329     | 3       | 0    | 0    | 73       | 0x102           
3335.0 ns | 330     | 3       | 0    | 0    | 74       | 0x102           
3345.0 ns | 331     | 3       | 0    | 0    | 75       | 0x102           
3355.0 ns | 332     | 3       | 0    | 0    | 76       | 0x102           
3365.0 ns | 333     | 3       | 0    | 0    | 77       | 0x102           
3375.0 ns | 334     | 3       | 0    | 0    | 78       | 0x102           
3385.0 ns | 335     | 3       | 0    | 0    | 79       | 0x102           
3395.0 ns | 336     | 3       | 0    | 0    | 80       | 0x102           
3405.0 ns | 337     | 3       | 0    | 0    | 81       | 0x102           
3415.0 ns | 338     | 3       | 0    | 0    | 82       | 0x102           
3425.0 ns | 339     | 3       | 0    | 0    | 83       | 0x102           
3435.0 ns | 340     | 3       | 0    | 0    | 84       | 0x102           
3445.0 ns | 341     | 3       | 0    | 0    | 85       | 0x102           
3455.0 ns | 342     | 3       | 0    | 0    | 86       | 0x102           
3465.0 ns | 343     | 3       | 0    | 0    | 87       | 0x102           
3475.0 ns | 344     | 3       | 0    | 0    | 88       | 0x102           
3485.0 ns | 345     | 3       | 0    | 0    | 89       | 0x102           
3495.0 ns | 346     | 3       | 0    | 0    | 90       | 0x102           
3505.0 ns | 347     | 3       | 0    | 0    | 91       | 0x102           
3515.0 ns | 348     | 3       | 0    | 0    | 92       | 0x102           
3525.0 ns | 349     | 3       | 0    | 0    | 93       | 0x102           
3535.0 ns | 350     | 3       | 0    | 0    | 94       | 0x102           
3545.0 ns | 351     | 3       | 0    | 0    | 95       | 0x102           
3555.0 ns | 352     | 3       | 0    | 0    | 96       | 0x102           
3565.0 ns | 353     | 3       | 0    | 0    | 97       | 0x102           
3575.0 ns | 354     | 3       | 0    | 0    | 98       | 0x102           
3585.0 ns | 355     | 3       | 0    | 0    | 99       | 0x102           
3595.0 ns | 356     | 3       | 0    | 0    | 100      | 0x102           
3605.0 ns | 357     | 3       | 0    | 0    | 101      | 0x102           
3615.0 ns | 358     | 3       | 0    | 0    | 102      | 0x102           
3625.0 ns | 359     | 3       | 0    | 0    | 103      | 0x102           
3635.0 ns | 360     | 3       | 0    | 0    | 104      | 0x102           
3645.0 ns | 361     | 3       | 0    | 0    | 105      | 0x102           
3655.0 ns | 362     | 3       | 0    | 0    | 106      | 0x102           
3665.0 ns | 363     | 3       | 0    | 0    | 107      | 0x102           
3675.0 ns | 364     | 3       | 0    | 0    | 108      | 0x102           
3685.0 ns | 365     | 3       | 0    | 0    | 109      | 0x102           
3695.0 ns | 366     | 3       | 0    | 0    | 110      | 0x102           
3705.0 ns | 367     | 3       | 0    | 0    | 111      | 0x102           
3715.0 ns | 368     | 3       | 0    | 0    | 112      | 0x102           
3725.0 ns | 369     | 3       | 0    | 0    | 113      | 0x102           
3735.0 ns | 370     | 3       | 0    | 0    | 114      | 0x102           
3745.0 ns | 371     | 3       | 0    | 0    | 115      | 0x102           
3755.0 ns | 372     | 3       | 0    | 0    | 116      | 0x102           
3765.0 ns | 373     | 3       | 0    | 0    | 117      | 0x102           
3775.0 ns | 374     | 3       | 0    | 0    | 118      | 0x102           
3785.0 ns | 375     | 3       | 0    | 0    | 119      | 0x102           
3795.0 ns | 376     | 3       | 0    | 0    | 120      | 0x102           
3805.0 ns | 377     | 3       | 0    | 0    | 121      | 0x102           
3815.0 ns | 378     | 3       | 0    | 0    | 122      | 0x102           
3825.0 ns | 379     | 3       | 0    | 0    | 123      | 0x102           
3835.0 ns | 380     | 3       | 0    | 0    | 124      | 0x102           
3845.0 ns | 381     | 3       | 0    | 0    | 125      | 0x102           
3855.0 ns | 382     | 3       | 0    | 0    | 126      | 0x102           
3865.0 ns | 383     | 3       | 0    | 0    | 127      | 0x102           
3875.0 ns | 384     | 3       | 0    | 0    | 128      | 0x102           
3885.0 ns | 385     | 3       | 0    | 0    | 129      | 0x102           
3895.0 ns | 386     | 3       | 0    | 0    | 130      | 0x102           
3905.0 ns | 387     | 3       | 0    | 0    | 131      | 0x102           
3915.0 ns | 388     | 3       | 0    | 0    | 132      | 0x102           
3925.0 ns | 389     | 3       | 0    | 0    | 133      | 0x102           
3935.0 ns | 390     | 3       | 0    | 0    | 134      | 0x102           
3945.0 ns | 391     | 3       | 0    | 0    | 135      | 0x102           
3955.0 ns | 392     | 3       | 0    | 0    | 136      | 0x102           
3965.0 ns | 393     | 3       | 0    | 0    | 137      | 0x102           
3975.0 ns | 394     | 3       | 0    | 0    | 138      | 0x102           
3985.0 ns | 395     | 3       | 0    | 0    | 139      | 0x102           
3995.0 ns | 396     | 3       | 0    | 0    | 140      | 0x102           
4005.0 ns | 397     | 3       | 0    | 0    | 141      | 0x102           
4015.0 ns | 398     | 3       | 0    | 0    | 142      | 0x102           
4025.0 ns | 399     | 3       | 0    | 0    | 143      | 0x102           
4035.0 ns | 400     | 3       | 0    | 0    | 144      | 0x102           
4045.0 ns | 401     | 3       | 0    | 0    | 145      | 0x102           
4055.0 ns | 402     | 3       | 0    | 0    | 146      | 0x102           
4065.0 ns | 403     | 3       | 0    | 0    | 147      | 0x102           
4075.0 ns | 404     | 3       | 0    | 0    | 148      | 0x102           
4085.0 ns | 405     | 3       | 0    | 0    | 149      | 0x102           
4095.0 ns | 406     | 3       | 0    | 0    | 150      | 0x102           
4105.0 ns | 407     | 3       | 0    | 0    | 151      | 0x102           
4115.0 ns | 408     | 3       | 0    | 0    | 152      | 0x102           
4125.0 ns | 409     | 3       | 0    | 0    | 153      | 0x102           
4135.0 ns | 410     | 3       | 0    | 0    | 154      | 0x102           
4145.0 ns | 411     | 3       | 0    | 0    | 155      | 0x102           
4155.0 ns | 412     | 3       | 0    | 0    | 156      | 0x102           
4165.0 ns | 413     | 3       | 0    | 0    | 157      | 0x102           
4175.0 ns | 414     | 3       | 0    | 0    | 158      | 0x102           
4185.0 ns | 415     | 3       | 0    | 0    | 159      | 0x102           
4195.0 ns | 416     | 3       | 0    | 0    | 160      | 0x102           
4205.0 ns | 417     | 3       | 0    | 0    | 161      | 0x102           
4215.0 ns | 418     | 3       | 0    | 0    | 162      | 0x102           
4225.0 ns | 419     | 3       | 0    | 0    | 163      | 0x102           
4235.0 ns | 420     | 3       | 0    | 0    | 164      | 0x102           
4245.0 ns | 421     | 3       | 0    | 0    | 165      | 0x102           
4255.0 ns | 422     | 3       | 0    | 0    | 166      | 0x102           
4265.0 ns | 423     | 3       | 0    | 0    | 167      | 0x102           
4275.0 ns | 424     | 3       | 0    | 0    | 168      | 0x102           
4285.0 ns | 425     | 3       | 0    | 0    | 169      | 0x102           
4295.0 ns | 426     | 3       | 0    | 0    | 170      | 0x102           
4305.0 ns | 427     | 3       | 0    | 0    | 171      | 0x102           
4315.0 ns | 428     | 3       | 0    | 0    | 172      | 0x102           
4325.0 ns | 429     | 3       | 0    | 0    | 173      | 0x102           
4335.0 ns | 430     | 3       | 0    | 0    | 174      | 0x102           
4345.0 ns | 431     | 3       | 0    | 0    | 175      | 0x102           
4355.0 ns | 432     | 3       | 0    | 0    | 176      | 0x102           
4365.0 ns | 433     | 3       | 0    | 0    | 177      | 0x102           
4375.0 ns | 434     | 3       | 0    | 0    | 178      | 0x102           
4385.0 ns | 435     | 3       | 0    | 0    | 179      | 0x102           
4395.0 ns | 436     | 3       | 0    | 0    | 180      | 0x102           
4405.0 ns | 437     | 3       | 0    | 0    | 181      | 0x102           
4415.0 ns | 438     | 3       | 0    | 0    | 182      | 0x102           
4425.0 ns | 439     | 3       | 0    | 0    | 183      | 0x102           
4435.0 ns | 440     | 3       | 0    | 0    | 184      | 0x102           
4445.0 ns | 441     | 3       | 0    | 0    | 185      | 0x102           
4455.0 ns | 442     | 3       | 0    | 0    | 186      | 0x102           
4465.0 ns | 443     | 3       | 0    | 0    | 187      | 0x102           
4475.0 ns | 444     | 3       | 0    | 0    | 188      | 0x102           
4485.0 ns | 445     | 3       | 0    | 0    | 189      | 0x102           
4495.0 ns | 446     | 3       | 0    | 0    | 190      | 0x102           
4505.0 ns | 447     | 3       | 0    | 0    | 191      | 0x102           
4515.0 ns | 448     | 3       | 0    | 0    | 192      | 0x102           
4525.0 ns | 449     | 3       | 0    | 0    | 193      | 0x102           
4535.0 ns | 450     | 3       | 0    | 0    | 194      | 0x102           
4545.0 ns | 451     | 3       | 0    | 0    | 195      | 0x102           
4555.0 ns | 452     | 3       | 0    | 0    | 196      | 0x102           
4565.0 ns | 453     | 3       | 0    | 0    | 197      | 0x102           
4575.0 ns | 454     | 3       | 0    | 0    | 198      | 0x102           
4585.0 ns | 455     | 3       | 0    | 0    | 199      | 0x102           
4595.0 ns | 456     | 3       | 0    | 0    | 200      | 0x102           
4605.0 ns | 457     | 3       | 0    | 0    | 201      | 0x102           
4615.0 ns | 458     | 3       | 0    | 0    | 202      | 0x102           
4625.0 ns | 459     | 3       | 0    | 0    | 203      | 0x102           
4635.0 ns | 460     | 3       | 0    | 0    | 204      | 0x102           
4645.0 ns | 461     | 3       | 0    | 0    | 205      | 0x102           
4655.0 ns | 462     | 3       | 0    | 0    | 206      | 0x102           
4665.0 ns | 463     | 3       | 0    | 0    | 207      | 0x102           
4675.0 ns | 464     | 3       | 0    | 0    | 208      | 0x102           
4685.0 ns | 465     | 3       | 0    | 0    | 209      | 0x102           
4695.0 ns | 466     | 3       | 0    | 0    | 210      | 0x102           
4705.0 ns | 467     | 3       | 0    | 0    | 211      | 0x102           
4715.0 ns | 468     | 3       | 0    | 0    | 212      | 0x102           
4725.0 ns | 469     | 3       | 0    | 0    | 213      | 0x102           
4735.0 ns | 470     | 3       | 0    | 0    | 214      | 0x102           
4745.0 ns | 471     | 3       | 0    | 0    | 215      | 0x102           
4755.0 ns | 472     | 3       | 0    | 0    | 216      | 0x102           
4765.0 ns | 473     | 3       | 0    | 0    | 217      | 0x102           
4775.0 ns | 474     | 3       | 0    | 0    | 218      | 0x102           
4785.0 ns | 475     | 3       | 0    | 0    | 219      | 0x102           
4795.0 ns | 476     | 3       | 0    | 0    | 220      | 0x102           
4805.0 ns | 477     | 3       | 0    | 0    | 221      | 0x102           
4815.0 ns | 478     | 3       | 0    | 0    | 222      | 0x102           
4825.0 ns | 479     | 3       | 0    | 0    | 223      | 0x102           
4835.0 ns | 480     | 3       | 0    | 0    | 224      | 0x102           
4845.0 ns | 481     | 3       | 0    | 0    | 225      | 0x102           
4855.0 ns | 482     | 3       | 0    | 0    | 226      | 0x102           
4865.0 ns | 483     | 3       | 0    | 0    | 227      | 0x102           
4875.0 ns | 484     | 3       | 0    | 0    | 228      | 0x102           
4885.0 ns | 485     | 3       | 0    | 0    | 229      | 0x102           
4895.0 ns | 486     | 3       | 0    | 0    | 230      | 0x102           
4905.0 ns | 487     | 3       | 0    | 0    | 231      | 0x102           
4915.0 ns | 488     | 3       | 0    | 0    | 232      | 0x102           
4925.0 ns | 489     | 3       | 0    | 0    | 233      | 0x102           
4935.0 ns | 490     | 3       | 0    | 0    | 234      | 0x102           
4945.0 ns | 491     | 3       | 0    | 0    | 235      | 0x102           
4955.0 ns | 492     | 3       | 0    | 0    | 236      | 0x102           
4965.0 ns | 493     | 3       | 0    | 0    | 237      | 0x102           
4975.0 ns | 494     | 3       | 0    | 0    | 238      | 0x102           
4985.0 ns | 495     | 3       | 0    | 0    | 239      | 0x102           
4995.0 ns | 496     | 3       | 0    | 0    | 240      | 0x102           
5005.0 ns | 497     | 3       | 0    | 0    | 241      | 0x102           
5015.0 ns | 498     | 3       | 0    | 0    | 242      | 0x102           
5025.0 ns | 499     | 3       | 0    | 0    | 243      | 0x102           
5035.0 ns | 500     | 3       | 0    | 0    | 244      | 0x102           
5045.0 ns | 501     | 3       | 0    | 0    | 245      | 0x102           
5055.0 ns | 502     | 3       | 0    | 0    | 246      | 0x102           
5065.0 ns | 503     | 3       | 0    | 0    | 247      | 0x102           
5075.0 ns | 504     | 3       | 0    | 0    | 248      | 0x102           
5085.0 ns | 505     | 3       | 0    | 0    | 249      | 0x102           
5095.0 ns | 506     | 3       | 0    | 0    | 250      | 0x102           
5105.0 ns | 507     | 3       | 0    | 0    | 251      | 0x102           
5115.0 ns | 508     | 3       | 0    | 0    | 252      | 0x102           
5125.0 ns | 509     | 3       | 0    | 0    | 253      | 0x102           
5135.0 ns | 510     | 3       | 0    | 0    | 254      | 0x102           
5145.0 ns | 511     | 3       | 1    | 0    | 255      | 0x102           
5205.0 ns | 0       | 3       | 0    | 0    | 255      | 0x102           
5215.0 ns | 0       | 4       | 0    | 0    | 255      | 0x10203         
5225.0 ns | 0       | 5       | 0    | 0    | 255      | 0x20304         
5235.0 ns | 0       | 6       | 0    | 0    | 255      | 0x30405         
5245.0 ns | 0       | 7       | 0    | 0    | 255      | 0x40506         
5255.0 ns | 0       | 8       | 0    | 0    | 255      | 0x50607         
5265.0 ns | 0       | 9       | 0    | 0    | 255      | 0x60708         
5275.0 ns | 0       | 10      | 0    | 0    | 255      | 0x70809         
5285.0 ns | 0       | 11      | 0    | 0    | 255      | 0x8090a         
5295.0 ns | 0       | 12      | 0    | 0    | 255      | 0x90a0b         
5305.0 ns | 0       | 13      | 0    | 0    | 255      | 0xa0b0c         
5315.0 ns | 0       | 14      | 0    | 0    | 255      | 0xb0c0d         
5325.0 ns | 0       | 15      | 0    | 0    | 255      | 0xc0d0e         
5335.0 ns | 0       | 16      | 0    | 0    | 255      | 0xd0e0f         
5345.0 ns | 0       | 17      | 0    | 0    | 255      | 0xe0f10         
5355.0 ns | 0       | 18      | 0    | 0    | 255      | 0xf1011         
5365.0 ns | 0       | 19      | 0    | 0    | 255      | 0x101112        
5375.0 ns | 0       | 20      | 0    | 0    | 255      | 0x111213        
5385.0 ns | 0       | 21      | 0    | 0    | 255      | 0x121314        
5395.0 ns | 0       | 22      | 0    | 0    | 255      | 0x131415        
5405.0 ns | 0       | 23      | 0    | 0    | 255      | 0x141516        
5415.0 ns | 0       | 24      | 0    | 0    | 255      | 0x151617        
5425.0 ns | 0       | 25      | 0    | 0    | 255      | 0x161718        
5435.0 ns | 0       | 26      | 0    | 0    | 255      | 0x171819        
5445.0 ns | 0       | 27      | 0    | 0    | 255      | 0x18191a        
5455.0 ns | 0       | 28      | 0    | 0    | 255      | 0x191a1b        
5465.0 ns | 0       | 29      | 0    | 0    | 255      | 0x1a1b1c        
5475.0 ns | 0       | 30      | 0    | 0    | 255      | 0x1b1c1d        
5485.0 ns | 0       | 31      | 0    | 0    | 255      | 0x1c1d1e        
5495.0 ns | 0       | 32      | 0    | 0    | 255      | 0x1d1e1f        
5505.0 ns | 0       | 33      | 0    | 0    | 255      | 0x1e1f20        
5515.0 ns | 0       | 34      | 0    | 0    | 255      | 0x1f2021        
5525.0 ns | 0       | 35      | 0    | 0    | 255      | 0x202122        
5535.0 ns | 0       | 36      | 0    | 0    | 255      | 0x212223        
5545.0 ns | 0       | 37      | 0    | 0    | 255      | 0x222324        
5555.0 ns | 0       | 38      | 0    | 0    | 255      | 0x232425        
5565.0 ns | 0       | 39      | 0    | 0    | 255      | 0x242526        
5575.0 ns | 0       | 40      | 0    | 0    | 255      | 0x252627        
5585.0 ns | 0       | 41      | 0    | 0    | 255      | 0x262728        
5595.0 ns | 0       | 42      | 0    | 0    | 255      | 0x272829        
5605.0 ns | 0       | 43      | 0    | 0    | 255      | 0x28292a        
5615.0 ns | 0       | 44      | 0    | 0    | 255      | 0x292a2b        
5625.0 ns | 0       | 45      | 0    | 0    | 255      | 0x2a2b2c        
5635.0 ns | 0       | 46      | 0    | 0    | 255      | 0x2b2c2d        
5645.0 ns | 0       | 47      | 0    | 0    | 255      | 0x2c2d2e        
5655.0 ns | 0       | 48      | 0    | 0    | 255      | 0x2d2e2f        
5665.0 ns | 0       | 49      | 0    | 0    | 255      | 0x2e2f30        
5675.0 ns | 0       | 50      | 0    | 0    | 255      | 0x2f3031        
5685.0 ns | 0       | 51      | 0    | 0    | 255      | 0x303132        
5695.0 ns | 0       | 52      | 0    | 0    | 255      | 0x313233        
5705.0 ns | 0       | 53      | 0    | 0    | 255      | 0x323334        
5715.0 ns | 0       | 54      | 0    | 0    | 255      | 0x333435        
5725.0 ns | 0       | 55      | 0    | 0    | 255      | 0x343536        
5735.0 ns | 0       | 56      | 0    | 0    | 255      | 0x353637        
5745.0 ns | 0       | 57      | 0    | 0    | 255      | 0x363738        
5755.0 ns | 0       | 58      | 0    | 0    | 255      | 0x373839        
5765.0 ns | 0       | 59      | 0    | 0    | 255      | 0x38393a        
5775.0 ns | 0       | 60      | 0    | 0    | 255      | 0x393a3b        
5785.0 ns | 0       | 61      | 0    | 0    | 255      | 0x3a3b3c        
5795.0 ns | 0       | 62      | 0    | 0    | 255      | 0x3b3c3d        
5805.0 ns | 0       | 63      | 0    | 0    | 255      | 0x3c3d3e        
5815.0 ns | 0       | 64      | 0    | 0    | 255      | 0x3d3e3f        
5825.0 ns | 0       | 65      | 0    | 0    | 255      | 0x3e3f40        
5835.0 ns | 0       | 66      | 0    | 0    | 255      | 0x3f4041        
5845.0 ns | 0       | 67      | 0    | 0    | 255      | 0x404142        
5855.0 ns | 0       | 68      | 0    | 0    | 255      | 0x414243        
5865.0 ns | 0       | 69      | 0    | 0    | 255      | 0x424344        
5875.0 ns | 0       | 70      | 0    | 0    | 255      | 0x434445        
5885.0 ns | 0       | 71      | 0    | 0    | 255      | 0x444546        
5895.0 ns | 0       | 72      | 0    | 0    | 255      | 0x454647        
5905.0 ns | 0       | 73      | 0    | 0    | 255      | 0x464748        
5915.0 ns | 0       | 74      | 0    | 0    | 255      | 0x474849        
5925.0 ns | 0       | 75      | 0    | 0    | 255      | 0x48494a        
5935.0 ns | 0       | 76      | 0    | 0    | 255      | 0x494a4b        
5945.0 ns | 0       | 77      | 0    | 0    | 255      | 0x4a4b4c        
5955.0 ns | 0       | 78      | 0    | 0    | 255      | 0x4b4c4d        
5965.0 ns | 0       | 79      | 0    | 0    | 255      | 0x4c4d4e        
5975.0 ns | 0       | 80      | 0    | 0    | 255      | 0x4d4e4f        
5985.0 ns | 0       | 81      | 0    | 0    | 255      | 0x4e4f50        
5995.0 ns | 0       | 82      | 0    | 0    | 255      | 0x4f5051        
6005.0 ns | 0       | 83      | 0    | 0    | 255      | 0x505152        
6015.0 ns | 0       | 84      | 0    | 0    | 255      | 0x515253        
6025.0 ns | 0       | 85      | 0    | 0    | 255      | 0x525354        
6035.0 ns | 0       | 86      | 0    | 0    | 255      | 0x535455        
6045.0 ns | 0       | 87      | 0    | 0    | 255      | 0x545556        
6055.0 ns | 0       | 88      | 0    | 0    | 255      | 0x555657        
6065.0 ns | 0       | 89      | 0    | 0    | 255      | 0x565758        
6075.0 ns | 0       | 90      | 0    | 0    | 255      | 0x575859        
6085.0 ns | 0       | 91      | 0    | 0    | 255      | 0x58595a        
6095.0 ns | 0       | 92      | 0    | 0    | 255      | 0x595a5b        
6105.0 ns | 0       | 93      | 0    | 0    | 255      | 0x5a5b5c        
6115.0 ns | 0       | 94      | 0    | 0    | 255      | 0x5b5c5d        
6125.0 ns | 0       | 95      | 0    | 0    | 255      | 0x5c5d5e        
6135.0 ns | 0       | 96      | 0    | 0    | 255      | 0x5d5e5f        
6145.0 ns | 0       | 97      | 0    | 0    | 255      | 0x5e5f60        
6155.0 ns | 0       | 98      | 0    | 0    | 255      | 0x5f6061        
6165.0 ns | 0       | 99      | 0    | 0    | 255      | 0x606162        
6175.0 ns | 0       | 100     | 0    | 0    | 255      | 0x616263        
6185.0 ns | 0       | 101     | 0    | 0    | 255      | 0x626364        
6195.0 ns | 0       | 102     | 0    | 0    | 255      | 0x636465        
6205.0 ns | 0       | 103     | 0    | 0    | 255      | 0x646566        
6215.0 ns | 0       | 104     | 0    | 0    | 255      | 0x656667        
6225.0 ns | 0       | 105     | 0    | 0    | 255      | 0x666768        
6235.0 ns | 0       | 106     | 0    | 0    | 255      | 0x676869        
6245.0 ns | 0       | 107     | 0    | 0    | 255      | 0x68696a        
6255.0 ns | 0       | 108     | 0    | 0    | 255      | 0x696a6b        
6265.0 ns | 0       | 109     | 0    | 0    | 255      | 0x6a6b6c        
6275.0 ns | 0       | 110     | 0    | 0    | 255      | 0x6b6c6d        
6285.0 ns | 0       | 111     | 0    | 0    | 255      | 0x6c6d6e        
6295.0 ns | 0       | 112     | 0    | 0    | 255      | 0x6d6e6f        
6305.0 ns | 0       | 113     | 0    | 0    | 255      | 0x6e6f70        
6315.0 ns | 0       | 114     | 0    | 0    | 255      | 0x6f7071        
6325.0 ns | 0       | 115     | 0    | 0    | 255      | 0x707172        
6335.0 ns | 0       | 116     | 0    | 0    | 255      | 0x717273        
6345.0 ns | 0       | 117     | 0    | 0    | 255      | 0x727374        
6355.0 ns | 0       | 118     | 0    | 0    | 255      | 0x737475        
6365.0 ns | 0       | 119     | 0    | 0    | 255      | 0x747576        
6375.0 ns | 0       | 120     | 0    | 0    | 255      | 0x757677        
6385.0 ns | 0       | 121     | 0    | 0    | 255      | 0x767778        
6395.0 ns | 0       | 122     | 0    | 0    | 255      | 0x777879        
6405.0 ns | 0       | 123     | 0    | 0    | 255      | 0x78797a        
6415.0 ns | 0       | 124     | 0    | 0    | 255      | 0x797a7b        
6425.0 ns | 0       | 125     | 0    | 0    | 255      | 0x7a7b7c        
6435.0 ns | 0       | 126     | 0    | 0    | 255      | 0x7b7c7d        
6445.0 ns | 0       | 127     | 0    | 0    | 255      | 0x7c7d7e        
6455.0 ns | 0       | 128     | 0    | 0    | 255      | 0x7d7e7f        
6465.0 ns | 0       | 129     | 0    | 0    | 255      | 0x7e7f80        
6475.0 ns | 0       | 130     | 0    | 0    | 255      | 0x7f8081        
6485.0 ns | 0       | 131     | 0    | 0    | 255      | 0x808182        
6495.0 ns | 0       | 132     | 0    | 0    | 255      | 0x818283        
6505.0 ns | 0       | 133     | 0    | 0    | 255      | 0x828384        
6515.0 ns | 0       | 134     | 0    | 0    | 255      | 0x838485        
6525.0 ns | 0       | 135     | 0    | 0    | 255      | 0x848586        
6535.0 ns | 0       | 136     | 0    | 0    | 255      | 0x858687        
6545.0 ns | 0       | 137     | 0    | 0    | 255      | 0x868788        
6555.0 ns | 0       | 138     | 0    | 0    | 255      | 0x878889        
6565.0 ns | 0       | 139     | 0    | 0    | 255      | 0x88898a        
6575.0 ns | 0       | 140     | 0    | 0    | 255      | 0x898a8b        
6585.0 ns | 0       | 141     | 0    | 0    | 255      | 0x8a8b8c        
6595.0 ns | 0       | 142     | 0    | 0    | 255      | 0x8b8c8d        
6605.0 ns | 0       | 143     | 0    | 0    | 255      | 0x8c8d8e        
6615.0 ns | 0       | 144     | 0    | 0    | 255      | 0x8d8e8f        
6625.0 ns | 0       | 145     | 0    | 0    | 255      | 0x8e8f90        
6635.0 ns | 0       | 146     | 0    | 0    | 255      | 0x8f9091        
6645.0 ns | 0       | 147     | 0    | 0    | 255      | 0x909192        
6655.0 ns | 0       | 148     | 0    | 0    | 255      | 0x919293        
6665.0 ns | 0       | 149     | 0    | 0    | 255      | 0x929394        
6675.0 ns | 0       | 150     | 0    | 0    | 255      | 0x939495        
6685.0 ns | 0       | 151     | 0    | 0    | 255      | 0x949596        
6695.0 ns | 0       | 152     | 0    | 0    | 255      | 0x959697        
6705.0 ns | 0       | 153     | 0    | 0    | 255      | 0x969798        
6715.0 ns | 0       | 154     | 0    | 0    | 255      | 0x979899        
6725.0 ns | 0       | 155     | 0    | 0    | 255      | 0x98999a        
6735.0 ns | 0       | 156     | 0    | 0    | 255      | 0x999a9b        
6745.0 ns | 0       | 157     | 0    | 0    | 255      | 0x9a9b9c        
6755.0 ns | 0       | 158     | 0    | 0    | 255      | 0x9b9c9d        
6765.0 ns | 0       | 159     | 0    | 0    | 255      | 0x9c9d9e        
6775.0 ns | 0       | 160     | 0    | 0    | 255      | 0x9d9e9f        
6785.0 ns | 0       | 161     | 0    | 0    | 255      | 0x9e9fa0        
6795.0 ns | 0       | 162     | 0    | 0    | 255      | 0x9fa0a1        
6805.0 ns | 0       | 163     | 0    | 0    | 255      | 0xa0a1a2        
6815.0 ns | 0       | 164     | 0    | 0    | 255      | 0xa1a2a3        
6825.0 ns | 0       | 165     | 0    | 0    | 255      | 0xa2a3a4        
6835.0 ns | 0       | 166     | 0    | 0    | 255      | 0xa3a4a5        
6845.0 ns | 0       | 167     | 0    | 0    | 255      | 0xa4a5a6        
6855.0 ns | 0       | 168     | 0    | 0    | 255      | 0xa5a6a7        
6865.0 ns | 0       | 169     | 0    | 0    | 255      | 0xa6a7a8        
6875.0 ns | 0       | 170     | 0    | 0    | 255      | 0xa7a8a9        
6885.0 ns | 0       | 171     | 0    | 0    | 255      | 0xa8a9aa        
6895.0 ns | 0       | 172     | 0    | 0    | 255      | 0xa9aaab        
6905.0 ns | 0       | 173     | 0    | 0    | 255      | 0xaaabac        
6915.0 ns | 0       | 174     | 0    | 0    | 255      | 0xabacad        
6925.0 ns | 0       | 175     | 0    | 0    | 255      | 0xacadae        
6935.0 ns | 0       | 176     | 0    | 0    | 255      | 0xadaeaf        
6945.0 ns | 0       | 177     | 0    | 0    | 255      | 0xaeafb0        
6955.0 ns | 0       | 178     | 0    | 0    | 255      | 0xafb0b1        
6965.0 ns | 0       | 179     | 0    | 0    | 255      | 0xb0b1b2        
6975.0 ns | 0       | 180     | 0    | 0    | 255      | 0xb1b2b3        
6985.0 ns | 0       | 181     | 0    | 0    | 255      | 0xb2b3b4        
6995.0 ns | 0       | 182     | 0    | 0    | 255      | 0xb3b4b5        
7005.0 ns | 0       | 183     | 0    | 0    | 255      | 0xb4b5b6        
7015.0 ns | 0       | 184     | 0    | 0    | 255      | 0xb5b6b7        
7025.0 ns | 0       | 185     | 0    | 0    | 255      | 0xb6b7b8        
7035.0 ns | 0       | 186     | 0    | 0    | 255      | 0xb7b8b9        
7045.0 ns | 0       | 187     | 0    | 0    | 255      | 0xb8b9ba        
7055.0 ns | 0       | 188     | 0    | 0    | 255      | 0xb9babb        
7065.0 ns | 0       | 189     | 0    | 0    | 255      | 0xbabbbc        
7075.0 ns | 0       | 190     | 0    | 0    | 255      | 0xbbbcbd        
7085.0 ns | 0       | 191     | 0    | 0    | 255      | 0xbcbdbe        
7095.0 ns | 0       | 192     | 0    | 0    | 255      | 0xbdbebf        
7105.0 ns | 0       | 193     | 0    | 0    | 255      | 0xbebfc0        
7115.0 ns | 0       | 194     | 0    | 0    | 255      | 0xbfc0c1        
7125.0 ns | 0       | 195     | 0    | 0    | 255      | 0xc0c1c2        
7135.0 ns | 0       | 196     | 0    | 0    | 255      | 0xc1c2c3        
7145.0 ns | 0       | 197     | 0    | 0    | 255      | 0xc2c3c4        
7155.0 ns | 0       | 198     | 0    | 0    | 255      | 0xc3c4c5        
7165.0 ns | 0       | 199     | 0    | 0    | 255      | 0xc4c5c6        
7175.0 ns | 0       | 200     | 0    | 0    | 255      | 0xc5c6c7        
7185.0 ns | 0       | 201     | 0    | 0    | 255      | 0xc6c7c8        
7195.0 ns | 0       | 202     | 0    | 0    | 255      | 0xc7c8c9        
7205.0 ns | 0       | 203     | 0    | 0    | 255      | 0xc8c9ca        
7215.0 ns | 0       | 204     | 0    | 0    | 255      | 0xc9cacb        
7225.0 ns | 0       | 205     | 0    | 0    | 255      | 0xcacbcc        
7235.0 ns | 0       | 206     | 0    | 0    | 255      | 0xcbcccd        
7245.0 ns | 0       | 207     | 0    | 0    | 255      | 0xcccdce        
7255.0 ns | 0       | 208     | 0    | 0    | 255      | 0xcdcecf        
7265.0 ns | 0       | 209     | 0    | 0    | 255      | 0xcecfd0        
7275.0 ns | 0       | 210     | 0    | 0    | 255      | 0xcfd0d1        
7285.0 ns | 0       | 211     | 0    | 0    | 255      | 0xd0d1d2        
7295.0 ns | 0       | 212     | 0    | 0    | 255      | 0xd1d2d3        
7305.0 ns | 0       | 213     | 0    | 0    | 255      | 0xd2d3d4        
7315.0 ns | 0       | 214     | 0    | 0    | 255      | 0xd3d4d5        
7325.0 ns | 0       | 215     | 0    | 0    | 255      | 0xd4d5d6        
7335.0 ns | 0       | 216     | 0    | 0    | 255      | 0xd5d6d7        
7345.0 ns | 0       | 217     | 0    | 0    | 255      | 0xd6d7d8        
7355.0 ns | 0       | 218     | 0    | 0    | 255      | 0xd7d8d9        
7365.0 ns | 0       | 219     | 0    | 0    | 255      | 0xd8d9da        
7375.0 ns | 0       | 220     | 0    | 0    | 255      | 0xd9dadb        
7385.0 ns | 0       | 221     | 0    | 0    | 255      | 0xdadbdc        
7395.0 ns | 0       | 222     | 0    | 0    | 255      | 0xdbdcdd        
7405.0 ns | 0       | 223     | 0    | 0    | 255      | 0xdcddde        
7415.0 ns | 0       | 224     | 0    | 0    | 255      | 0xdddedf        
7425.0 ns | 0       | 225     | 0    | 0    | 255      | 0xdedfe0        
7435.0 ns | 0       | 226     | 0    | 0    | 255      | 0xdfe0e1        
7445.0 ns | 0       | 227     | 0    | 0    | 255      | 0xe0e1e2        
7455.0 ns | 0       | 228     | 0    | 0    | 255      | 0xe1e2e3        
7465.0 ns | 0       | 229     | 0    | 0    | 255      | 0xe2e3e4        
7475.0 ns | 0       | 230     | 0    | 0    | 255      | 0xe3e4e5        
7485.0 ns | 0       | 231     | 0    | 0    | 255      | 0xe4e5e6        
7495.0 ns | 0       | 232     | 0    | 0    | 255      | 0xe5e6e7        
7505.0 ns | 0       | 233     | 0    | 0    | 255      | 0xe6e7e8        
7515.0 ns | 0       | 234     | 0    | 0    | 255      | 0xe7e8e9        
7525.0 ns | 0       | 235     | 0    | 0    | 255      | 0xe8e9ea        
7535.0 ns | 0       | 236     | 0    | 0    | 255      | 0xe9eaeb        
7545.0 ns | 0       | 237     | 0    | 0    | 255      | 0xeaebec        
7555.0 ns | 0       | 238     | 0    | 0    | 255      | 0xebeced        
7565.0 ns | 0       | 239     | 0    | 0    | 255      | 0xecedee        
7575.0 ns | 0       | 240     | 0    | 0    | 255      | 0xedeeef        
7585.0 ns | 0       | 241     | 0    | 0    | 255      | 0xeeeff0        
7595.0 ns | 0       | 242     | 0    | 0    | 255      | 0xeff0f1        
7605.0 ns | 0       | 243     | 0    | 0    | 255      | 0xf0f1f2        
7615.0 ns | 0       | 244     | 0    | 0    | 255      | 0xf1f2f3        
7625.0 ns | 0       | 245     | 0    | 0    | 255      | 0xf2f3f4        
7635.0 ns | 0       | 246     | 0    | 0    | 255      | 0xf3f4f5        
7645.0 ns | 0       | 247     | 0    | 0    | 255      | 0xf4f5f6        
7655.0 ns | 0       | 248     | 0    | 0    | 255      | 0xf5f6f7        
7665.0 ns | 0       | 249     | 0    | 0    | 255      | 0xf6f7f8        
7675.0 ns | 0       | 250     | 0    | 0    | 255      | 0xf7f8f9        
7685.0 ns | 0       | 251     | 0    | 0    | 255      | 0xf8f9fa        
7695.0 ns | 0       | 252     | 0    | 0    | 255      | 0xf9fafb        
7705.0 ns | 0       | 253     | 0    | 0    | 255      | 0xfafbfc        
7715.0 ns | 0       | 254     | 0    | 0    | 255      | 0xfbfcfd        
7725.0 ns | 0       | 255     | 0    | 0    | 255      | 0xfcfdfe        
7735.0 ns | 0       | 256     | 0    | 0    | 255      | 0xfdfeff        
7745.0 ns | 0       | 257     | 0    | 0    | 255      | 0xfeff00        
7755.0 ns | 0       | 258     | 0    | 0    | 255      | 0xff0001        
7765.0 ns | 0       | 259     | 0    | 0    | 255      | 0x102           
7775.0 ns | 0       | 260     | 0    | 0    | 255      | 0x10203         
7785.0 ns | 0       | 261     | 0    | 0    | 255      | 0x20304         
7795.0 ns | 0       | 262     | 0    | 0    | 255      | 0x30405         
7805.0 ns | 0       | 263     | 0    | 0    | 255      | 0x40506         
7815.0 ns | 0       | 264     | 0    | 0    | 255      | 0x50607         
7825.0 ns | 0       | 265     | 0    | 0    | 255      | 0x60708         
7835.0 ns | 0       | 266     | 0    | 0    | 255      | 0x70809         
7845.0 ns | 0       | 267     | 0    | 0    | 255      | 0x8090a         
7855.0 ns | 0       | 268     | 0    | 0    | 255      | 0x90a0b         
7865.0 ns | 0       | 269     | 0    | 0    | 255      | 0xa0b0c         
7875.0 ns | 0       | 270     | 0    | 0    | 255      | 0xb0c0d         
7885.0 ns | 0       | 271     | 0    | 0    | 255      | 0xc0d0e         
7895.0 ns | 0       | 272     | 0    | 0    | 255      | 0xd0e0f         
7905.0 ns | 0       | 273     | 0    | 0    | 255      | 0xe0f10         
7915.0 ns | 0       | 274     | 0    | 0    | 255      | 0xf1011         
7925.0 ns | 0       | 275     | 0    | 0    | 255      | 0x101112        
7935.0 ns | 0       | 276     | 0    | 0    | 255      | 0x111213        
7945.0 ns | 0       | 277     | 0    | 0    | 255      | 0x121314        
7955.0 ns | 0       | 278     | 0    | 0    | 255      | 0x131415        
7965.0 ns | 0       | 279     | 0    | 0    | 255      | 0x141516        
7975.0 ns | 0       | 280     | 0    | 0    | 255      | 0x151617        
7985.0 ns | 0       | 281     | 0    | 0    | 255      | 0x161718        
7995.0 ns | 0       | 282     | 0    | 0    | 255      | 0x171819        
8005.0 ns | 0       | 283     | 0    | 0    | 255      | 0x18191a        
8015.0 ns | 0       | 284     | 0    | 0    | 255      | 0x191a1b        
8025.0 ns | 0       | 285     | 0    | 0    | 255      | 0x1a1b1c        
8035.0 ns | 0       | 286     | 0    | 0    | 255      | 0x1b1c1d        
8045.0 ns | 0       | 287     | 0    | 0    | 255      | 0x1c1d1e        
8055.0 ns | 0       | 288     | 0    | 0    | 255      | 0x1d1e1f        
8065.0 ns | 0       | 289     | 0    | 0    | 255      | 0x1e1f20        
8075.0 ns | 0       | 290     | 0    | 0    | 255      | 0x1f2021        
8085.0 ns | 0       | 291     | 0    | 0    | 255      | 0x202122        
8095.0 ns | 0       | 292     | 0    | 0    | 255      | 0x212223        
8105.0 ns | 0       | 293     | 0    | 0    | 255      | 0x222324        
8115.0 ns | 0       | 294     | 0    | 0    | 255      | 0x232425        
8125.0 ns | 0       | 295     | 0    | 0    | 255      | 0x242526        
8135.0 ns | 0       | 296     | 0    | 0    | 255      | 0x252627        
8145.0 ns | 0       | 297     | 0    | 0    | 255      | 0x262728        
8155.0 ns | 0       | 298     | 0    | 0    | 255      | 0x272829        
8165.0 ns | 0       | 299     | 0    | 0    | 255      | 0x28292a        
8175.0 ns | 0       | 300     | 0    | 0    | 255      | 0x292a2b        
8185.0 ns | 0       | 301     | 0    | 0    | 255      | 0x2a2b2c        
8195.0 ns | 0       | 302     | 0    | 0    | 255      | 0x2b2c2d        
8205.0 ns | 0       | 303     | 0    | 0    | 255      | 0x2c2d2e        
8215.0 ns | 0       | 304     | 0    | 0    | 255      | 0x2d2e2f        
8225.0 ns | 0       | 305     | 0    | 0    | 255      | 0x2e2f30        
8235.0 ns | 0       | 306     | 0    | 0    | 255      | 0x2f3031        
8245.0 ns | 0       | 307     | 0    | 0    | 255      | 0x303132        
8255.0 ns | 0       | 308     | 0    | 0    | 255      | 0x313233        
8265.0 ns | 0       | 309     | 0    | 0    | 255      | 0x323334        
8275.0 ns | 0       | 310     | 0    | 0    | 255      | 0x333435        
8285.0 ns | 0       | 311     | 0    | 0    | 255      | 0x343536        
8295.0 ns | 0       | 312     | 0    | 0    | 255      | 0x353637        
8305.0 ns | 0       | 313     | 0    | 0    | 255      | 0x363738        
8315.0 ns | 0       | 314     | 0    | 0    | 255      | 0x373839        
8325.0 ns | 0       | 315     | 0    | 0    | 255      | 0x38393a        
8335.0 ns | 0       | 316     | 0    | 0    | 255      | 0x393a3b        
8345.0 ns | 0       | 317     | 0    | 0    | 255      | 0x3a3b3c        
8355.0 ns | 0       | 318     | 0    | 0    | 255      | 0x3b3c3d        
8365.0 ns | 0       | 319     | 0    | 0    | 255      | 0x3c3d3e        
8375.0 ns | 0       | 320     | 0    | 0    | 255      | 0x3d3e3f        
8385.0 ns | 0       | 321     | 0    | 0    | 255      | 0x3e3f40        
8395.0 ns | 0       | 322     | 0    | 0    | 255      | 0x3f4041        
8405.0 ns | 0       | 323     | 0    | 0    | 255      | 0x404142        
8415.0 ns | 0       | 324     | 0    | 0    | 255      | 0x414243        
8425.0 ns | 0       | 325     | 0    | 0    | 255      | 0x424344        
8435.0 ns | 0       | 326     | 0    | 0    | 255      | 0x434445        
8445.0 ns | 0       | 327     | 0    | 0    | 255      | 0x444546        
8455.0 ns | 0       | 328     | 0    | 0    | 255      | 0x454647        
8465.0 ns | 0       | 329     | 0    | 0    | 255      | 0x464748        
8475.0 ns | 0       | 330     | 0    | 0    | 255      | 0x474849        
8485.0 ns | 0       | 331     | 0    | 0    | 255      | 0x48494a        
8495.0 ns | 0       | 332     | 0    | 0    | 255      | 0x494a4b        
8505.0 ns | 0       | 333     | 0    | 0    | 255      | 0x4a4b4c        
8515.0 ns | 0       | 334     | 0    | 0    | 255      | 0x4b4c4d        
8525.0 ns | 0       | 335     | 0    | 0    | 255      | 0x4c4d4e        
8535.0 ns | 0       | 336     | 0    | 0    | 255      | 0x4d4e4f        
8545.0 ns | 0       | 337     | 0    | 0    | 255      | 0x4e4f50        
8555.0 ns | 0       | 338     | 0    | 0    | 255      | 0x4f5051        
8565.0 ns | 0       | 339     | 0    | 0    | 255      | 0x505152        
8575.0 ns | 0       | 340     | 0    | 0    | 255      | 0x515253        
8585.0 ns | 0       | 341     | 0    | 0    | 255      | 0x525354        
8595.0 ns | 0       | 342     | 0    | 0    | 255      | 0x535455        
8605.0 ns | 0       | 343     | 0    | 0    | 255      | 0x545556        
8615.0 ns | 0       | 344     | 0    | 0    | 255      | 0x555657        
8625.0 ns | 0       | 345     | 0    | 0    | 255      | 0x565758        
8635.0 ns | 0       | 346     | 0    | 0    | 255      | 0x575859        
8645.0 ns | 0       | 347     | 0    | 0    | 255      | 0x58595a        
8655.0 ns | 0       | 348     | 0    | 0    | 255      | 0x595a5b        
8665.0 ns | 0       | 349     | 0    | 0    | 255      | 0x5a5b5c        
8675.0 ns | 0       | 350     | 0    | 0    | 255      | 0x5b5c5d        
8685.0 ns | 0       | 351     | 0    | 0    | 255      | 0x5c5d5e        
8695.0 ns | 0       | 352     | 0    | 0    | 255      | 0x5d5e5f        
8705.0 ns | 0       | 353     | 0    | 0    | 255      | 0x5e5f60        
8715.0 ns | 0       | 354     | 0    | 0    | 255      | 0x5f6061        
8725.0 ns | 0       | 355     | 0    | 0    | 255      | 0x606162        
8735.0 ns | 0       | 356     | 0    | 0    | 255      | 0x616263        
8745.0 ns | 0       | 357     | 0    | 0    | 255      | 0x626364        
8755.0 ns | 0       | 358     | 0    | 0    | 255      | 0x636465        
8765.0 ns | 0       | 359     | 0    | 0    | 255      | 0x646566        
8775.0 ns | 0       | 360     | 0    | 0    | 255      | 0x656667        
8785.0 ns | 0       | 361     | 0    | 0    | 255      | 0x666768        
8795.0 ns | 0       | 362     | 0    | 0    | 255      | 0x676869        
8805.0 ns | 0       | 363     | 0    | 0    | 255      | 0x68696a        
8815.0 ns | 0       | 364     | 0    | 0    | 255      | 0x696a6b        
8825.0 ns | 0       | 365     | 0    | 0    | 255      | 0x6a6b6c        
8835.0 ns | 0       | 366     | 0    | 0    | 255      | 0x6b6c6d        
8845.0 ns | 0       | 367     | 0    | 0    | 255      | 0x6c6d6e        
8855.0 ns | 0       | 368     | 0    | 0    | 255      | 0x6d6e6f        
8865.0 ns | 0       | 369     | 0    | 0    | 255      | 0x6e6f70        
8875.0 ns | 0       | 370     | 0    | 0    | 255      | 0x6f7071        
8885.0 ns | 0       | 371     | 0    | 0    | 255      | 0x707172        
8895.0 ns | 0       | 372     | 0    | 0    | 255      | 0x717273        
8905.0 ns | 0       | 373     | 0    | 0    | 255      | 0x727374        
8915.0 ns | 0       | 374     | 0    | 0    | 255      | 0x737475        
8925.0 ns | 0       | 375     | 0    | 0    | 255      | 0x747576        
8935.0 ns | 0       | 376     | 0    | 0    | 255      | 0x757677        
8945.0 ns | 0       | 377     | 0    | 0    | 255      | 0x767778        
8955.0 ns | 0       | 378     | 0    | 0    | 255      | 0x777879        
8965.0 ns | 0       | 379     | 0    | 0    | 255      | 0x78797a        
8975.0 ns | 0       | 380     | 0    | 0    | 255      | 0x797a7b        
8985.0 ns | 0       | 381     | 0    | 0    | 255      | 0x7a7b7c        
8995.0 ns | 0       | 382     | 0    | 0    | 255      | 0x7b7c7d        
9005.0 ns | 0       | 383     | 0    | 0    | 255      | 0x7c7d7e        
9015.0 ns | 0       | 384     | 0    | 0    | 255      | 0x7d7e7f        
9025.0 ns | 0       | 385     | 0    | 0    | 255      | 0x7e7f80        
9035.0 ns | 0       | 386     | 0    | 0    | 255      | 0x7f8081        
9045.0 ns | 0       | 387     | 0    | 0    | 255      | 0x808182        
9055.0 ns | 0       | 388     | 0    | 0    | 255      | 0x818283        
9065.0 ns | 0       | 389     | 0    | 0    | 255      | 0x828384        
9075.0 ns | 0       | 390     | 0    | 0    | 255      | 0x838485        
9085.0 ns | 0       | 391     | 0    | 0    | 255      | 0x848586        
9095.0 ns | 0       | 392     | 0    | 0    | 255      | 0x858687        
9105.0 ns | 0       | 393     | 0    | 0    | 255      | 0x868788        
9115.0 ns | 0       | 394     | 0    | 0    | 255      | 0x878889        
9125.0 ns | 0       | 395     | 0    | 0    | 255      | 0x88898a        
9135.0 ns | 0       | 396     | 0    | 0    | 255      | 0x898a8b        
9145.0 ns | 0       | 397     | 0    | 0    | 255      | 0x8a8b8c        
9155.0 ns | 0       | 398     | 0    | 0    | 255      | 0x8b8c8d        
9165.0 ns | 0       | 399     | 0    | 0    | 255      | 0x8c8d8e        
9175.0 ns | 0       | 400     | 0    | 0    | 255      | 0x8d8e8f        
9185.0 ns | 0       | 401     | 0    | 0    | 255      | 0x8e8f90        
9195.0 ns | 0       | 402     | 0    | 0    | 255      | 0x8f9091        
9205.0 ns | 0       | 403     | 0    | 0    | 255      | 0x909192        
9215.0 ns | 0       | 404     | 0    | 0    | 255      | 0x919293        
9225.0 ns | 0       | 405     | 0    | 0    | 255      | 0x929394        
9235.0 ns | 0       | 406     | 0    | 0    | 255      | 0x939495        
9245.0 ns | 0       | 407     | 0    | 0    | 255      | 0x949596        
9255.0 ns | 0       | 408     | 0    | 0    | 255      | 0x959697        
9265.0 ns | 0       | 409     | 0    | 0    | 255      | 0x969798        
9275.0 ns | 0       | 410     | 0    | 0    | 255      | 0x979899        
9285.0 ns | 0       | 411     | 0    | 0    | 255      | 0x98999a        
9295.0 ns | 0       | 412     | 0    | 0    | 255      | 0x999a9b        
9305.0 ns | 0       | 413     | 0    | 0    | 255      | 0x9a9b9c        
9315.0 ns | 0       | 414     | 0    | 0    | 255      | 0x9b9c9d        
9325.0 ns | 0       | 415     | 0    | 0    | 255      | 0x9c9d9e        
9335.0 ns | 0       | 416     | 0    | 0    | 255      | 0x9d9e9f        
9345.0 ns | 0       | 417     | 0    | 0    | 255      | 0x9e9fa0        
9355.0 ns | 0       | 418     | 0    | 0    | 255      | 0x9fa0a1        
9365.0 ns | 0       | 419     | 0    | 0    | 255      | 0xa0a1a2        
9375.0 ns | 0       | 420     | 0    | 0    | 255      | 0xa1a2a3        
9385.0 ns | 0       | 421     | 0    | 0    | 255      | 0xa2a3a4        
9395.0 ns | 0       | 422     | 0    | 0    | 255      | 0xa3a4a5        
9405.0 ns | 0       | 423     | 0    | 0    | 255      | 0xa4a5a6        
9415.0 ns | 0       | 424     | 0    | 0    | 255      | 0xa5a6a7        
9425.0 ns | 0       | 425     | 0    | 0    | 255      | 0xa6a7a8        
9435.0 ns | 0       | 426     | 0    | 0    | 255      | 0xa7a8a9        
9445.0 ns | 0       | 427     | 0    | 0    | 255      | 0xa8a9aa        
9455.0 ns | 0       | 428     | 0    | 0    | 255      | 0xa9aaab        
9465.0 ns | 0       | 429     | 0    | 0    | 255      | 0xaaabac        
9475.0 ns | 0       | 430     | 0    | 0    | 255      | 0xabacad        
9485.0 ns | 0       | 431     | 0    | 0    | 255      | 0xacadae        
9495.0 ns | 0       | 432     | 0    | 0    | 255      | 0xadaeaf        
9505.0 ns | 0       | 433     | 0    | 0    | 255      | 0xaeafb0        
9515.0 ns | 0       | 434     | 0    | 0    | 255      | 0xafb0b1        
9525.0 ns | 0       | 435     | 0    | 0    | 255      | 0xb0b1b2        
9535.0 ns | 0       | 436     | 0    | 0    | 255      | 0xb1b2b3        
9545.0 ns | 0       | 437     | 0    | 0    | 255      | 0xb2b3b4        
9555.0 ns | 0       | 438     | 0    | 0    | 255      | 0xb3b4b5        
9565.0 ns | 0       | 439     | 0    | 0    | 255      | 0xb4b5b6        
9575.0 ns | 0       | 440     | 0    | 0    | 255      | 0xb5b6b7        
9585.0 ns | 0       | 441     | 0    | 0    | 255      | 0xb6b7b8        
9595.0 ns | 0       | 442     | 0    | 0    | 255      | 0xb7b8b9        
9605.0 ns | 0       | 443     | 0    | 0    | 255      | 0xb8b9ba        
9615.0 ns | 0       | 444     | 0    | 0    | 255      | 0xb9babb        
9625.0 ns | 0       | 445     | 0    | 0    | 255      | 0xbabbbc        
9635.0 ns | 0       | 446     | 0    | 0    | 255      | 0xbbbcbd        
9645.0 ns | 0       | 447     | 0    | 0    | 255      | 0xbcbdbe        
9655.0 ns | 0       | 448     | 0    | 0    | 255      | 0xbdbebf        
9665.0 ns | 0       | 449     | 0    | 0    | 255      | 0xbebfc0        
9675.0 ns | 0       | 450     | 0    | 0    | 255      | 0xbfc0c1        
9685.0 ns | 0       | 451     | 0    | 0    | 255      | 0xc0c1c2        
9695.0 ns | 0       | 452     | 0    | 0    | 255      | 0xc1c2c3        
9705.0 ns | 0       | 453     | 0    | 0    | 255      | 0xc2c3c4        
9715.0 ns | 0       | 454     | 0    | 0    | 255      | 0xc3c4c5        
9725.0 ns | 0       | 455     | 0    | 0    | 255      | 0xc4c5c6        
9735.0 ns | 0       | 456     | 0    | 0    | 255      | 0xc5c6c7        
9745.0 ns | 0       | 457     | 0    | 0    | 255      | 0xc6c7c8        
9755.0 ns | 0       | 458     | 0    | 0    | 255      | 0xc7c8c9        
9765.0 ns | 0       | 459     | 0    | 0    | 255      | 0xc8c9ca        
9775.0 ns | 0       | 460     | 0    | 0    | 255      | 0xc9cacb        
9785.0 ns | 0       | 461     | 0    | 0    | 255      | 0xcacbcc        
9795.0 ns | 0       | 462     | 0    | 0    | 255      | 0xcbcccd        
9805.0 ns | 0       | 463     | 0    | 0    | 255      | 0xcccdce        
9815.0 ns | 0       | 464     | 0    | 0    | 255      | 0xcdcecf        
9825.0 ns | 0       | 465     | 0    | 0    | 255      | 0xcecfd0        
9835.0 ns | 0       | 466     | 0    | 0    | 255      | 0xcfd0d1        
9845.0 ns | 0       | 467     | 0    | 0    | 255      | 0xd0d1d2        
9855.0 ns | 0       | 468     | 0    | 0    | 255      | 0xd1d2d3        
9865.0 ns | 0       | 469     | 0    | 0    | 255      | 0xd2d3d4        
9875.0 ns | 0       | 470     | 0    | 0    | 255      | 0xd3d4d5        
9885.0 ns | 0       | 471     | 0    | 0    | 255      | 0xd4d5d6        
9895.0 ns | 0       | 472     | 0    | 0    | 255      | 0xd5d6d7        
9905.0 ns | 0       | 473     | 0    | 0    | 255      | 0xd6d7d8        
9915.0 ns | 0       | 474     | 0    | 0    | 255      | 0xd7d8d9        
9925.0 ns | 0       | 475     | 0    | 0    | 255      | 0xd8d9da        
9935.0 ns | 0       | 476     | 0    | 0    | 255      | 0xd9dadb        
9945.0 ns | 0       | 477     | 0    | 0    | 255      | 0xdadbdc        
9955.0 ns | 0       | 478     | 0    | 0    | 255      | 0xdbdcdd        
9965.0 ns | 0       | 479     | 0    | 0    | 255      | 0xdcddde        
9975.0 ns | 0       | 480     | 0    | 0    | 255      | 0xdddedf        
9985.0 ns | 0       | 481     | 0    | 0    | 255      | 0xdedfe0        
9995.0 ns | 0       | 482     | 0    | 0    | 255      | 0xdfe0e1        
10005.0 ns | 0       | 483     | 0    | 0    | 255      | 0xe0e1e2        
10015.0 ns | 0       | 484     | 0    | 0    | 255      | 0xe1e2e3        
10025.0 ns | 0       | 485     | 0    | 0    | 255      | 0xe2e3e4        
10035.0 ns | 0       | 486     | 0    | 0    | 255      | 0xe3e4e5        
10045.0 ns | 0       | 487     | 0    | 0    | 255      | 0xe4e5e6        
10055.0 ns | 0       | 488     | 0    | 0    | 255      | 0xe5e6e7        
10065.0 ns | 0       | 489     | 0    | 0    | 255      | 0xe6e7e8        
10075.0 ns | 0       | 490     | 0    | 0    | 255      | 0xe7e8e9        
10085.0 ns | 0       | 491     | 0    | 0    | 255      | 0xe8e9ea        
10095.0 ns | 0       | 492     | 0    | 0    | 255      | 0xe9eaeb        
10105.0 ns | 0       | 493     | 0    | 0    | 255      | 0xeaebec        
10115.0 ns | 0       | 494     | 0    | 0    | 255      | 0xebeced        
10125.0 ns | 0       | 495     | 0    | 0    | 255      | 0xecedee        
10135.0 ns | 0       | 496     | 0    | 0    | 255      | 0xedeeef        
10145.0 ns | 0       | 497     | 0    | 0    | 255      | 0xeeeff0        
10155.0 ns | 0       | 498     | 0    | 0    | 255      | 0xeff0f1        
10165.0 ns | 0       | 499     | 0    | 0    | 255      | 0xf0f1f2        
10175.0 ns | 0       | 500     | 0    | 0    | 255      | 0xf1f2f3        
10185.0 ns | 0       | 501     | 0    | 0    | 255      | 0xf2f3f4        
10195.0 ns | 0       | 502     | 0    | 0    | 255      | 0xf3f4f5        
10205.0 ns | 0       | 503     | 0    | 0    | 255      | 0xf4f5f6        
10215.0 ns | 0       | 504     | 0    | 0    | 255      | 0xf5f6f7        
10225.0 ns | 0       | 505     | 0    | 0    | 255      | 0xf6f7f8        
10235.0 ns | 0       | 506     | 0    | 0    | 255      | 0xf7f8f9        
10245.0 ns | 0       | 507     | 0    | 0    | 255      | 0xf8f9fa        
10255.0 ns | 0       | 508     | 0    | 0    | 255      | 0xf9fafb        
10265.0 ns | 0       | 509     | 0    | 0    | 255      | 0xfafbfc        
10275.0 ns | 0       | 510     | 0    | 0    | 255      | 0xfbfcfd        
10285.0 ns | 0       | 511     | 0    | 1    | 255      | 0xfcfdfe        
10295.0 ns | 0       | 0       | 0    | 0    | 255      | 0xfdfeff        
